1501
2653
2653
2653
589
915
915
915
915
3351
3351
3351
3351
3351
3351
3351
3351
3351
3351
3351
3351
3351
3351
1744
1744
1744
1744
1744
1744
1744
1744
1744
1744
1744
1744
1744
1744
1744
1744
1744
1744
3049
1117
4767
4767
4767
4767
4767
4767
486
486
393
393
393
393
393
393
393
393
393
393
393
393
393
393
393
393
393
393
3585
3585
3585
3585
3585
3585
3585
3585
3585
3585
3585
3585
3585
3585
4315
4315
4315
4315
3599
3599
3599
3599
3599
3599
3599
3599
3599
3599
3599
3599
4121
4635
4635
4635
4635
4635
4635
4635
4635
4635
4635
4635
4635
4635
4635
3161
3161
3161
3161
3161
3161
3161
3161
3161
3161
3161
3161
3161
3161
3161
3161
3161
3161
3161
3161
3161
3161
4615
4615
4615
4615
4615
4615
4615
4615
4615
4615
4615
4615
3078
4257
4257
4257
4257
3682
3682
3682
3682
3682
3682
3682
3682
3682
3682
3682
3682
3682
3682
227
2527
2527
2527
3752
4183
1615
1413
1413
1413
1413
763
763
763
763
763
763
763
763
655
655
655
655
655
655
655
655
655
655
655
655
655
655
655
655
655
655
4797
4153
4153
4153
157
157
157
157
157
157
157
497
497
497
497
497
497
497
497
497
497
497
497
497
497
497
497
497
497
497
497
497
497
497
497
4740
4740
4740
4740
3456
3456
3456
79
